Avalanche Demonstration
Plaintext P: 1101011000110101001001111001010110100010110001101110010100011101
Plaintext P': 1101011000110101001001111001010110100010110001101110010100011100
Key K: 0110111100011010011110001000100001110001011100100111010000100010
Key K': 1110111100011010011110001000100001110001011100100111010000100010
Total Running Time: 0.038625ms

P and P' under K
Ciphertext C:  1101001011110111010011110011011110011001011011001001100100100111
Ciphertext C': 1101101110101011100010000110101011100110000011000110101011101000
Round          DES0           DES1           DES2           DES3           
---------------------------------------------------------------------------
0              1              1              1              1              
1              6              6              3              6              
2              22             18             5              11             
3              34             31             3              16             
4              37             33             3              25             
5              40             34             5              28             
6              36             36             3              29             
7              28             33             1              27             
8              35             34             1              28             
9              36             37             3              37             
10             28             34             5              40             
11             31             32             3              36             
12             30             31             3              28             
13             32             36             5              28             
14             33             41             3              32             
15             37             32             1              29             
P under K and K`
Ciphertext C:  0001110011110100110101011110100111101101100000011011111111110010
Ciphertext C': 1011111111111011001010011001011101010100101011101001010100110000
Round          DES0           DES1           DES2           DES3           
---------------------------------------------------------------------------
0              0              0              0              ?              
1              2              0              1              ?              
2              10             0              4              ?              
3              27             0              8              ?              
4              32             0              9              ?              
5              30             0              14             ?              
6              32             0              18             ?              
7              29             0              17             ?              
8              29             0              17             ?              
9              37             0              24             ?              
10             40             0              31             ?              
11             31             0              25             ?              
12             31             0              22             ?              
13             36             0              32             ?              
14             42             0              42             ?              
15             40             0              36             ?              
