Avalanche Demonstration
Plaintext P: 1101011000110101001001111001010110100010110001101110010100011101
Plaintext P': 1101011000110101001001111001010110100010110001101110010100011100
Key K: 0110111100011010011110001000100001110001011100100111010000100010
Key K': 0110111100011010011110001000100001110001011100100111010000100011
Total Running Time: 0.000292ms

P and P' under K
Ciphertext C:  1101001011110111010011110011011110011001011011001001100100100111
Ciphertext C': 1101101110101011100010000110101011100110000011000110101011101000
Round          DES0           DES1           DES2           DES3           
---------------------------------------------------------------------------
0              1              1              1              
1              6              6              1              
2              22             18             1              
3              34             31             1              
4              37             33             1              
5              40             34             1              
6              36             36             1              
7              28             33             1              
8              35             34             1              
9              36             37             1              
10             28             34             1              
11             31             32             1              
12             30             31             1              
13             32             36             1              
14             33             41             1              
15             37             32             1              
